210:
[ 27.92         0.09454234]
[ 0.39191836  0.00148618]
200:
[ 29.94         0.06307468]
[ 0.71860977  0.00219141]
190:
[ 30.46        -0.03726384]
[ 0.84166502  0.00173376]
180:
[  3.20000000e+01   5.61712879e-03]
[ 0.          0.00108694]
170:
[  3.39200000e+01  -2.32942131e-04]
[ 0.39191836  0.00156977]
160:
[  3.60000000e+01   1.19879016e-02]
[ 0.          0.00132466]
150:
[  3.76600000e+01   2.45038392e-02]
[ 0.85111691  0.00173987]
140:
[  4.11600000e+01  -2.59427785e-02]
[ 1.27059041  0.00134099]
130:
[ 45.6         -0.05534802]
[ 0.84852814  0.00131015]
120:
[  4.80000000e+01   4.44982883e-03]
[ 0.          0.00153634]
110:
[  5.18400000e+01  -1.38612207e-02]
[ 0.67409198  0.00104737]
100:
[  5.65600000e+01   4.08985977e-02]
[ 0.94148818  0.00122072]
90:
[  6.23600000e+01   4.15637558e-02]
[ 0.76837491  0.00128055]
80:
[  6.93200000e+01   3.11065246e-02]
[  1.10344914e+00   6.72560350e-04]
70:
[  7.86000000e+01   6.86316174e-02]
[  1.03923048e+00   7.44267035e-04]
60:
[  9.20400000e+01   8.23497304e-02]
[  1.57429349e+00   8.50414605e-04]
50:
[  1.06840000e+02   1.77992197e-02]
[  1.10199819e+00   4.30889969e-04]
40:
[  1.26760000e+02   2.22785193e-02]
[  1.69186288e+00   1.42700032e-03]
30:
[  1.70080000e+02  -1.58169068e-02]
[ 1.32423563  0.0014692 ]
